%YAML:1.0
---
histogram: !!opencv-matrix
   rows: 32
   cols: 1
   dt: f
   data: [ 7.91843995e-05, 0., 0., 0., 0., 0., 0., 0., 0., 0., 0., 0.,
       0., 0., 0., 0., 0., 6.29120022e-02, 9.35999215e-01,
       7.72047904e-04, 0., 0., 3.95921998e-05, 3.95921998e-05, 0., 0.,
       3.95921998e-05, 0., 3.95921998e-05, 0., 0., 7.91843995e-05 ]
