%YAML:1.0
---
histogram: !!opencv-matrix
   rows: 32
   cols: 1
   dt: f
   data: [ 0., 0., 0., 0., 0., 1.59540519e-04, 4.78621572e-04,
       4.02573906e-02, 9.58785355e-01, 2.65900861e-04, 5.31801743e-05,
       0., 0., 0., 0., 0., 0., 0., 0., 0., 0., 0., 0., 0., 0., 0., 0.,
       0., 0., 0., 0., 0. ]
