%YAML:1.0
---
histogram: !!opencv-matrix
   rows: 32
   cols: 1
   dt: f
   data: [ 0., 0., 0., 0., 0., 0., 0., 0., 0., 0., 0., 0., 0., 0., 0.,
       0., 0., 7.93877304e-01, 2.06094682e-01, 2.79829856e-05, 0., 0.,
       0., 0., 0., 0., 0., 0., 0., 0., 0., 0. ]
