%YAML:1.0
---
histogram: !!opencv-matrix
   rows: 32
   cols: 1
   dt: f
   data: [ 0., 0., 7.70000770e-05, 1.54000148e-03, 4.23500407e-03,
       4.08100430e-03, 1.63240172e-02, 1.33133128e-01, 7.67228782e-01,
       7.10710734e-02, 3.85000370e-04, 3.85000370e-04, 1.54000154e-04,
       0., 3.08000308e-04, 0., 3.08000308e-04, 3.85000370e-04,
       2.31000231e-04, 0., 0., 0., 0., 0., 0., 0., 0., 0.,
       7.70000770e-05, 0., 7.70000770e-05, 0. ]
