frame_id: arena
wp_0: [34.0, 19.0, 10, 0.0, 0.0, 0.99999968293183461, 0.00079632671073326335]
wp_1: [28.7, 21.0, 12, 0.0, 0.0, 0.70682518110536596, 0.70738826916719977]
wp_2: [22.0, 21.0, 9.2, 0.0, 0.0, 0.70682518110536596, 0.70738826916719977]
wp_3: [24.5, 21.0, 5.3, 0.0, 0.0, 0.70682518110536596, 0.70738826916719977]
wp_4: [16.0, 19.0, 10, 0.0, 0.0, 0.70682518110536596, 0.70738826916719977]
wp_5: [18.0, 29.5, 10.3, 0.0, 0.0, 0.0, 1.0]
wp_6: [18.0, 28.0, 7.5, 0.0, 0.0, 0.0, 1.0]
wp_7: [18.0, 30.5, 5.3, 0.0, 0.0, 0.0, 1.0]
wp_8: [16.0, 37.0, 10, 0.0, 0.0, 0.0, 1.0]
wp_9: [2, 0, 10, 0, 0, 0, 1]
