frame_id: arena
wp_0: [16.0, 37.0, 10, 0.0, 0.0, 0.0, 1.0]
wp_1: [28.7, 35.0, 12.5, -0.0, 0.0, 0.70738567284856524, -0.70682777948279785]
wp_2: [21.5, 35.0, 9.2, -0.0, 0.0, 0.70738567284856524, -0.70682777948279785]
wp_3: [24.7, 35.0, 5.5, 0.0, 0.0, -0.70739086547628993, 0.70682258271839715]
wp_4: [34.0, 37.0, 10, 0.0, 0.0, 0.99999968293183461, 0.00079632671073326335]
wp_5: [32.0, 24.3, 11.25, 0.0, 0.0, 0.99999968293183461, 0.00079632671073326335]
wp_6: [32.0, 31.7, 8.25, 0.0, 0.0, 0.99999968293183461, 0.00079632671073326335]
wp_7: [32.0, 29.0, 5.3, 0.0, 0.0, 0.99999968293183461, 0.00079632671073326335]
wp_8: [34.0, 19.0, 10, 0.0, 0.0, 0.99999968293183461, 0.00079632671073326335]
wp_9: [0, 2, 5, 0, 0, 0, 1]
