image: c2_map.pgm
resolution: 0.050000
origin: [-10.659581, -10.445120, 0.000000]
negate: 0
occupied_thresh: 0.65
free_thresh: 0.196

